1.000000 -0.000000
  0.999751  0.000053
  0.999003  0.000213
  0.997758  0.000479
  0.996016  0.000849
  0.993779  0.001324
  0.991050  0.001901
  0.987830  0.002578
  0.984124  0.003355
  0.979933  0.004227
  0.975263  0.005193
  0.970118  0.006250
  0.964502  0.007394
  0.958422  0.008623
  0.951882  0.009932
  0.944889  0.011318
  0.937449  0.012776
  0.929571  0.014304
  0.921260  0.015896
  0.912527  0.017548
  0.903377  0.019256
  0.893822  0.021015
  0.883869  0.022820
  0.873529  0.024667
  0.862811  0.026551
  0.851727  0.028467
  0.840286  0.030411
  0.828500  0.032377
  0.816381  0.034361
  0.803940  0.036357
  0.791190  0.038362
  0.778144  0.040370
  0.764813  0.042376
  0.751213  0.044375
  0.737355  0.046364
  0.723253  0.048336
  0.708923  0.050288
  0.694377  0.052215
  0.679632  0.054111
  0.664700  0.055973
  0.649598  0.057795
  0.634341  0.059574
  0.618943  0.061305
  0.603421  0.062982
  0.587790  0.064603
  0.572066  0.066162
  0.556265  0.067655
  0.540403  0.069078
  0.524496  0.070427
  0.508561  0.071698
  0.492613  0.072886
  0.476669  0.073989
  0.460745  0.075002
  0.444858  0.075921
  0.429025  0.076744
  0.413260  0.077467
  0.397562  0.078087
  0.381859  0.078579
  0.366272  0.078929
  0.350820  0.079137
  0.335518  0.079201
  0.320382  0.079120
  0.305430  0.078894
  0.290678  0.078523
  0.276140  0.078009
  0.261834  0.077352
  0.247774  0.076553
  0.233976  0.075616
  0.220454  0.074541
  0.207223  0.073333
  0.194298  0.071994
  0.181693  0.070528
  0.169419  0.068940
  0.157492  0.067233
  0.145923  0.065412
  0.134725  0.063484
  0.123909  0.061452
  0.113487  0.059323
  0.103469  0.057102
  0.093866  0.054796
  0.084687  0.052411
  0.075942  0.049954
  0.067640  0.047429
  0.059787  0.044846
  0.052393  0.042208
  0.045465  0.039523
  0.039008  0.036798
  0.033029  0.034037
  0.027533  0.031248
  0.022525  0.028435
  0.018010  0.025603
  0.013992  0.022759
  0.010473  0.019906
  0.007457  0.017049
  0.004945  0.014192
  0.002940  0.011338
  0.001442  0.008489
  0.000453  0.005649
 -0.000027  0.002819
  0.000000  0.000000
  0.000531 -0.002768
  0.001560 -0.005448
  0.003086 -0.008037
  0.005105 -0.010537
  0.007616 -0.012946
  0.010615 -0.015263
  0.014097 -0.017487
  0.018060 -0.019618
  0.022497 -0.021655
  0.027404 -0.023598
  0.032775 -0.025444
  0.038603 -0.027195
  0.044884 -0.028848
  0.051609 -0.030405
  0.058771 -0.031864
  0.066363 -0.033225
  0.074377 -0.034488
  0.082804 -0.035654
  0.091636 -0.036722
  0.100864 -0.037693
  0.110478 -0.038568
  0.120469 -0.039348
  0.130826 -0.040034
  0.141541 -0.040627
  0.152602 -0.041130
  0.163998 -0.041544
  0.175720 -0.041871
  0.187755 -0.042114
  0.200092 -0.042277
  0.212720 -0.042361
  0.225626 -0.042370
  0.238799 -0.042308
  0.252226 -0.042178
  0.265895 -0.041985
  0.279793 -0.041732
  0.293907 -0.041423
  0.308225 -0.041064
  0.322731 -0.040658
  0.337414 -0.040210
  0.352260 -0.039724
  0.367254 -0.039206
  0.382383 -0.038659
  0.397632 -0.038088
  0.413092 -0.037486
  0.428661 -0.036836
  0.444303 -0.036142
  0.460005 -0.035407
  0.475749 -0.034634
  0.491521 -0.033828
  0.507305 -0.032992
  0.523086 -0.032130
  0.538847 -0.031244
  0.554573 -0.030339
  0.570249 -0.029417
  0.585858 -0.028481
  0.601386 -0.027534
  0.616816 -0.026579
  0.632133 -0.025619
  0.647322 -0.024655
  0.662368 -0.023689
  0.677255 -0.022725
  0.691968 -0.021765
  0.706492 -0.020808
  0.720813 -0.019859
  0.734916 -0.018918
  0.748787 -0.017986
  0.762412 -0.017066
  0.775776 -0.016158
  0.788866 -0.015264
  0.801669 -0.014385
  0.814172 -0.013522
  0.826361 -0.012677
  0.838223 -0.011849
  0.849748 -0.011041
  0.860923 -0.010253
  0.871735 -0.009487
  0.882175 -0.008743
  0.892231 -0.008023
  0.901893 -0.007327
  0.911150 -0.006657
  0.919993 -0.006013
  0.928413 -0.005396
  0.936400 -0.004808
  0.943947 -0.004250
  0.951045 -0.003722
  0.957687 -0.003225
  0.963866 -0.002761
  0.969575 -0.002330
  0.974808 -0.001934
  0.979560 -0.001572
  0.983825 -0.001246
  0.987599 -0.000957
  0.990879 -0.000705
  0.993660 -0.000491
  0.995939 -0.000315
  0.997714 -0.000177
  0.998984 -0.000079
  0.999746 -0.000020
  1.000000  0.000000
